,overall_rank,happiness_score,gdp_per_capita,social_support,healthy_life_expectancy,freedom_to_make_life_choices,generosity,perceptions_of_corruption,access_to_electricity_(%_of_population),armed_forces_personnel_(%_of_total_labor_force),female_share_of_employment_in_senior_and_middle_management_(%)_,fixed_broadband_subscriptions_(per_100_people),population_in_urban_agglomerations_of_more_than_1_million_(%_of_total_population),prevalence_of_current_tobacco_use_(%_of_adults),"total_alcohol_consumption_per_capita_(liters_of_pure_alcohol,_projected_estimates,_15+_years_of_age)"
Finland,1.0,7.769,1.34,1.587,0.986,0.596,0.153,0.393,100.0,0.918790244926874,32.0099983215332,31.4527,23.1908295221216,19.7,10.78
Denmark,2.0,7.6,1.383,1.573,0.996,0.592,0.252,0.41,100.0,0.480967613962788,26.3299999237061,44.0593,22.7978768427979,18.6,10.26
Norway,3.0,7.554,1.488,1.582,1.028,0.603,0.271,0.341,100.0,0.830369598401119,33.4700012207031,41.3363,19.0557418453153,13.0,7.41
Iceland,4.0,7.494,1.38,1.624,1.026,0.591,0.354,0.118,100.0,,43.0499992370605,40.5556,,13.8,9.12
Netherlands,5.0,7.488,1.396,1.522,0.999,0.557,0.322,0.298,100.0,0.448745825314661,24.7600002288818,43.0843,12.4159510444285,23.4,9.61
Switzerland,6.0,7.48,1.452,1.526,1.052,0.572,0.263,0.343,100.0,0.432986331963858,30.5400009155273,46.331,16.0996715067036,25.1,11.53
Sweden,7.0,7.343,1.387,1.487,1.009,0.574,0.267,0.373,,,,,,,
New Zealand,8.0,7.307,1.303,1.557,1.026,0.585,0.33,0.38,100.0,0.345338626566239,,34.7239,32.1601941747573,14.8,10.63
Canada,9.0,7.278,1.365,1.505,1.039,0.584,0.285,0.308,100.0,0.355862825301139,,38.569,45.9338791748504,17.5,8.94
Austria,10.0,7.246,1.376,1.475,1.016,0.532,0.244,0.226,100.0,0.496608177017669,28.8600006103516,28.3533,21.4981334244893,29.1,11.96
Australia,11.0,7.228,1.372,1.548,1.036,0.557,0.332,0.29,100.0,0.438342918909653,,33.7214,60.8916182277904,16.2,10.51
Costa Rica,12.0,7.167,1.034,1.441,0.963,0.558,0.144,0.093,100.0,0.408854479695878,,16.6229,27.1579362572736,9.8,4.87
Israel,13.0,7.139,1.276,1.455,1.029,0.371,0.261,0.082,100.0,4.32629053856102,,28.7537,57.930157157653,25.5,4.21
Luxembourg,14.0,7.09,1.609,1.479,1.012,0.526,0.194,0.316,100.0,0.627640632793893,,37.1207,,21.7,12.94
United Kingdom,15.0,7.054,1.333,1.538,0.996,0.45,0.348,0.278,100.0,0.43243028470808,34.2200012207031,39.597,26.8304584761102,19.2,11.45
Ireland,16.0,7.021,1.499,1.553,0.999,0.516,0.298,0.31,100.0,0.362598907759868,33.5099983215332,29.6794,24.6835422232705,23.6,12.88
Germany,17.0,6.985,1.373,1.454,0.987,0.495,0.261,0.265,100.0,0.416435788528397,28.5799999237061,41.0854,9.58303125347759,28.0,12.91
Belgium,18.0,6.923,1.356,1.504,0.986,0.473,0.16,0.21,100.0,0.618890665006861,33.4500007629395,39.2169,26.9686220087872,25.0,11.08
United States,19.0,6.892,1.433,1.457,0.874,0.454,0.28,0.128,,,,,,,
Czech Republic,20.0,6.852,1.269,1.487,0.92,0.457,0.046,0.036,100.0,0.407918066506874,26.6299991607666,29.9445,12.1501481477579,31.5,14.45
United Arab Emirates,21.0,6.825,1.503,1.31,0.825,0.598,0.262,0.182,100.0,0.932922432830696,15.75,31.4046,59.9724700312814,18.2,3.9
Malta,22.0,6.726,1.3,1.52,0.999,0.564,0.375,0.151,100.0,0.742850593643746,27.6100006103516,43.6731,,25.1,7.99
Mexico,23.0,6.595,1.07,1.323,0.861,0.433,0.074,0.073,100.0,0.618632980038794,35.5900001525879,14.643,40.7090420895066,13.9,5.0
France,24.0,6.592,1.324,1.472,1.045,0.436,0.111,0.183,100.0,1.00290127361552,34.3600006103516,44.7712,22.7643326951181,34.6,12.33
Taiwan,25.0,6.446,1.368,1.43,0.914,0.351,0.242,0.097,,,,,,,
Chile,26.0,6.444,1.159,1.369,0.92,0.357,0.187,0.056,100.0,1.30122744508038,,17.3665,35.6682894481119,44.7,9.07
Guatemala,27.0,6.436,0.8,1.269,0.746,0.535,0.175,0.078,94.6954650878906,0.644410914120458,,3.13923,17.4411985110372,,2.45
Saudi Arabia,28.0,6.375,1.403,1.357,0.795,0.439,0.08,0.132,100.0,1.79748493340283,,20.2413,47.2804719841251,16.6,0.19
Qatar,29.0,6.374,1.684,1.313,0.871,0.555,0.22,0.167,100.0,1.03099407969632,,9.63108,,14.0,1.59
Spain,30.0,6.354,1.286,1.484,1.062,0.362,0.153,0.079,100.0,0.851288467475686,31.8999996185303,32.0318,25.6235566347906,27.9,12.72
Panama,31.0,6.321,1.149,1.442,0.91,0.516,0.109,0.054,100.0,1.28091311369286,,10.838,42.6991675351393,6.9,7.98
Brazil,32.0,6.3,1.004,1.439,0.802,0.39,0.099,0.086,100.0,0.721512124170351,38.7200012207031,14.8842,41.9461931451321,16.5,7.42
Uruguay,33.0,6.293,1.124,1.465,0.891,0.523,0.127,0.15,,,,,,,
Singapore,34.0,6.262,1.572,1.463,1.141,0.556,0.271,0.453,100.0,1.68870522390943,,25.8793,100.0,16.5,2.03
El Salvador,35.0,6.253,0.794,1.242,0.789,0.43,0.093,0.074,100.0,1.5052107494535,35.7400016784668,7.66679,17.2362891278643,12.7,3.89
Italy,36.0,6.223,1.294,1.488,1.039,0.231,0.158,0.03,100.0,1.31173287633559,23.1499996185303,28.0298,18.7441544238367,23.4,7.84
Bahrain,37.0,6.199,1.362,1.368,0.871,0.536,0.255,0.11,100.0,2.07128902141303,,11.5715,,25.1,1.09
Slovakia,38.0,6.198,1.246,1.504,0.881,0.334,0.121,0.014,,,,,,,
Trinidad & Tobago,39.0,6.192,1.231,1.477,0.713,0.489,0.185,0.016,,,,,,,
Poland,40.0,6.182,1.206,1.438,0.884,0.483,0.117,0.05,100.0,1.06952616021839,39.5200004577637,18.856,4.65519325341181,26.0,11.71
Uzbekistan,41.0,6.174,0.745,1.529,0.756,0.631,0.322,0.24,,,,,,,
Lithuania,42.0,6.149,1.238,1.515,0.818,0.291,0.043,0.042,100.0,2.68561467982109,38.1599998474121,28.1567,,27.1,13.22
Colombia,43.0,6.125,0.985,1.41,0.841,0.47,0.099,0.034,99.9364471435547,1.83414873924763,,13.4483,43.8858650126167,7.9,5.74
Slovenia,44.0,6.118,1.258,1.523,0.953,0.564,0.144,0.057,,,,,,,
Nicaragua,45.0,6.105,0.694,1.325,0.835,0.435,0.2,0.127,88.0779571533203,0.401015102897134,,2.976,16.2078863657068,,5.18
Kosovo,46.0,6.1,0.882,1.232,0.758,0.489,0.262,0.006,,,,,,,
Argentina,47.0,6.086,1.092,1.432,0.881,0.471,0.066,0.05,100.0,0.511880244157145,33.1800003051758,19.1015,43.0081024392632,21.8,9.65
Romania,48.0,6.07,1.162,1.232,0.825,0.462,0.083,0.005,100.0,1.39814080404361,30.0599994659424,26.0585,9.35357961684002,25.5,11.74
Cyprus,49.0,6.046,1.263,1.223,1.042,0.406,0.19,0.041,100.0,2.55708287985067,,26.3576,,36.7,10.81
Ecuador,50.0,6.028,0.912,1.312,0.868,0.498,0.126,0.087,100.0,0.493119400405063,35.2599983215332,11.4393,27.6345957884163,,4.2
Kuwait,51.0,6.021,1.5,1.319,0.808,0.493,0.142,0.097,100.0,1.028008403654,,4.75567,72.2515004911401,22.1,0.003
Thailand,52.0,6.008,1.05,1.409,0.828,0.557,0.359,0.028,,,,,,,
Latvia,53.0,5.94,1.187,1.465,0.812,0.264,0.075,0.064,100.0,0.689844095234477,43.2200012207031,27.2758,,36.7,12.77
South Korea,54.0,5.895,1.301,1.219,1.036,0.159,0.175,0.056,,,,,,,
Estonia,55.0,5.893,1.237,1.528,0.874,0.495,0.103,0.161,100.0,0.949255896720958,33.2400016784668,33.3484,,30.5,9.23
Jamaica,56.0,5.89,0.831,1.478,0.831,0.49,0.107,0.028,98.9332809448242,0.403832540486757,,9.70258,,11.0,4.22
Mauritius,57.0,5.888,1.12,1.402,0.798,0.498,0.215,0.06,97.4660034179688,0.492810713047821,31.0300006866455,21.6385,,26.9,4.35
Japan,58.0,5.886,1.327,1.419,1.088,0.445,0.069,0.14,100.0,0.382030759364215,,32.162,64.6280420867611,21.9,7.96
Honduras,59.0,5.86,0.642,1.236,0.828,0.507,0.246,0.078,91.88720703125,0.510033548873437,47.1100006103516,3.70261,14.2168226576168,,3.76
Kazakhstan,60.0,5.809,1.173,1.508,0.729,0.41,0.146,0.096,100.0,0.786195035278011,,13.4441,15.8516030846937,24.4,4.76
Bolivia,61.0,5.779,0.776,1.209,0.706,0.511,0.137,0.064,95.5853652954102,1.26249062232265,30.4400005340576,4.44015,41.3356144052457,,4.43
Hungary,62.0,5.758,1.201,1.41,0.828,0.199,0.081,0.02,100.0,0.841103857940517,37.0499992370605,31.7234,17.9989308033787,30.6,11.35
Paraguay,63.0,5.743,0.855,1.475,0.777,0.514,0.184,0.08,100.0,0.818973711368204,,4.61036,46.3221120083449,12.8,7.58
Northern Cyprus,64.0,5.718,1.263,1.252,1.042,0.417,0.191,0.162,,,,,,,
Peru,65.0,5.697,0.96,1.274,0.854,0.455,0.083,0.027,95.2,0.861189685585641,,7.34701,32.4815525562708,9.6,6.38
Portugal,66.0,5.693,1.221,1.431,0.999,0.508,0.047,0.025,100.0,0.991923182431284,32.1599998474121,36.9011,41.1738942972759,27.9,12.03
Pakistan,67.0,5.653,0.677,0.886,0.535,0.313,0.22,0.098,71.0915467008027,1.31147823155045,,0.853498,20.0718671999811,20.0,0.34
Russia,68.0,5.648,1.183,1.452,0.726,0.334,0.082,0.031,,,,,,,
Philippines,69.0,5.631,0.807,1.293,0.657,0.558,0.117,0.107,94.8572311401367,0.349598354008423,25.5100002288818,3.2321,14.2777061251648,24.3,6.86
Serbia,70.0,5.603,1.004,1.383,0.854,0.282,0.137,0.039,100.0,0.991707291192405,29.7900009155273,17.4377,19.8973191090315,40.6,8.75
Moldova,71.0,5.529,0.685,1.328,0.739,0.245,0.181,0.0,100.0,0.622110725593534,,15.3787,,25.3,11.43
Libya,72.0,5.525,1.044,1.303,0.673,0.416,0.133,0.152,67.0,,,4.8323,17.3352457196282,,0.019
Montenegro,73.0,5.523,1.051,1.361,0.871,0.197,0.142,0.08,100.0,4.45822623963959,23.8299999237061,25.3308,,,11.47
Tajikistan,74.0,5.467,0.493,1.098,0.718,0.389,0.23,0.144,,,,,,,
Croatia,75.0,5.432,1.155,1.266,0.914,0.296,0.119,0.022,100.0,1.01408011232887,26.0900001525879,26.955,,36.6,9.23
Hong Kong,76.0,5.43,1.438,1.277,1.122,0.44,0.258,0.287,,,,,,,
Dominican Republic,77.0,5.425,1.015,1.401,0.779,0.497,0.113,0.101,100.0,1.444851904205,44.7900009155273,7.47885,29.8494659676405,9.4,6.68
Bosnia and Herzegovina,78.0,5.386,0.945,1.212,0.845,0.212,0.263,0.006,100.0,0.795640797732196,26.1200008392334,20.8655,,38.3,7.15
Turkey,79.0,5.373,1.183,1.36,0.808,0.195,0.083,0.106,,,,,,,
Malaysia,80.0,5.339,1.221,1.171,0.828,0.508,0.26,0.024,100.0,0.884176976863689,,8.55112,23.9906484861277,21.8,0.85
Belarus,81.0,5.323,1.067,1.465,0.789,0.235,0.094,0.142,100.0,3.05367069498282,,33.8691,21.1385270352219,26.6,11.45
Greece,82.0,5.287,1.181,1.156,0.999,0.067,0.0,0.034,100.0,3.07742198417849,30.5400009155273,37.6523,29.4012363128561,39.1,10.18
Mongolia,83.0,5.285,0.948,1.531,0.667,0.317,0.235,0.038,98.1,1.34156869551772,36.0200004577637,9.65707,47.9583989441702,27.6,8.19
North Macedonia,84.0,5.274,0.983,1.294,0.838,0.345,0.185,0.034,100.0,1.66690281123159,28.2099990844727,19.9363,,,6.16
Nigeria,85.0,5.265,0.696,1.111,0.245,0.426,0.215,0.041,56.5,0.381824398411261,,0.0377614,16.5138200055811,4.8,10.84
Kyrgyzstan,86.0,5.261,0.551,1.438,0.723,0.508,0.3,0.023,,,,,,,
Turkmenistan,87.0,5.247,1.052,1.538,0.657,0.394,0.244,0.028,,,,,,,
Algeria,88.0,5.211,1.002,1.16,0.785,0.086,0.073,0.114,100.0,2.6040256922868,,7.25539,6.37850392208528,18.8,0.95
Morocco,89.0,5.208,0.801,0.782,0.782,0.418,0.036,0.076,100.0,2.06237518665628,,4.30929,21.7315718183433,14.7,0.69
Azerbaijan,90.0,5.208,1.043,1.147,0.769,0.351,0.035,0.182,100.0,1.60968695664472,,18.1966,22.9957913517323,19.6,4.41
Lebanon,91.0,5.197,0.987,1.224,0.815,0.216,0.166,0.027,100.0,3.35922596715265,,0.136965,34.8269399942327,42.6,1.71
Indonesia,92.0,5.192,0.931,1.203,0.66,0.491,0.498,0.028,98.51,0.508899507263985,,3.28055,13.3834074123722,37.9,0.57
China,93.0,5.191,1.029,1.125,0.893,0.521,0.058,0.1,100.0,0.344002677864912,,28.5352,27.8875617671767,24.7,7.05
Vietnam,94.0,5.175,0.741,1.346,0.851,0.543,0.147,0.073,,,,,,,
Bhutan,95.0,5.082,0.813,1.321,0.604,0.457,0.37,0.167,100.0,,,2.26608,,,0.43
Cameroon,96.0,5.044,0.549,0.91,0.331,0.381,0.187,0.037,62.6600723266602,0.312056464803024,,0.0744361,28.0286031575607,9.3,5.65
Bulgaria,97.0,5.011,1.092,1.513,0.815,0.311,0.081,0.004,100.0,1.11040523329929,39.2799987792969,26.6071,18.1126163463623,38.9,12.65
Ghana,98.0,4.996,0.611,0.868,0.486,0.381,0.245,0.04,82.3945770263672,0.122903562569887,,0.19756,18.4905668363887,3.7,2.75
Ivory Coast,99.0,4.944,0.569,0.808,0.232,0.352,0.154,0.09,,,,,,,
Nepal,100.0,4.913,0.446,1.226,0.677,0.439,0.285,0.089,93.92,0.682172980118509,,2.8188,4.73418579856052,31.9,2.05
Jordan,101.0,4.906,0.837,1.225,0.815,0.383,0.11,0.13,99.9,3.93463009437685,,3.93155,20.7370401659862,,0.69
Benin,102.0,4.883,0.393,0.437,0.397,0.349,0.175,0.082,41.529239654541,0.261847420118902,,0.235384,,7.2,2.81
Congo (Brazzaville),103.0,4.812,0.673,0.799,0.508,0.372,0.105,0.093,,,,,,,
Gabon,104.0,4.799,1.057,1.183,0.571,0.295,0.043,0.055,93.0356826782227,0.953731224306196,,1.37306,,,8.74
Laos,105.0,4.796,0.764,1.03,0.551,0.547,0.266,0.164,,,,,,,
South Africa,106.0,4.722,0.96,1.351,0.469,0.389,0.13,0.055,,,,,,,
Albania,107.0,4.719,0.947,0.848,0.874,0.383,0.178,0.027,100.0,0.682841409323972,31.6000003814697,12.5145,,29.2,7.17
Venezuela,108.0,4.707,0.96,1.427,0.805,0.154,0.064,0.047,,,,,,,
Cambodia,109.0,4.7,0.574,1.122,0.637,0.609,0.232,0.062,91.5506744384766,2.08133391635344,,1.02278,12.0144816569412,21.8,6.64
Palestinian Territories,110.0,4.696,0.657,1.247,0.672,0.225,0.103,0.066,,,,,,,
Senegal,111.0,4.681,0.45,1.134,0.571,0.292,0.153,0.072,66.9594497680664,0.451236825582896,,0.81883,18.7861194018554,9.1,0.76
Somalia,112.0,4.668,0.0,0.698,0.268,0.559,0.243,0.27,35.2555351257324,0.521384259409208,,0.671731,13.8699536265419,,0.009
Namibia,113.0,4.639,0.879,1.313,0.477,0.401,0.07,0.056,53.8738746643066,1.74438122738613,48.2400016784668,2.53106,,17.9,5.43
Niger,114.0,4.628,0.138,0.774,0.366,0.318,0.188,0.102,17.6,0.126985238520812,,0.0400419,5.40829573726232,8.6,0.67
Burkina Faso,115.0,4.587,0.331,1.056,0.38,0.255,0.177,0.113,14.4,0.154733982580546,23.9500007629395,0.0699594,12.8161228988025,16.0,12.03
Armenia,116.0,4.559,0.85,1.055,0.815,0.283,0.095,0.064,100.0,3.74493608667992,,11.7709,36.5991186323081,26.7,5.55
Iran,117.0,4.548,1.1,0.842,0.785,0.305,0.27,0.125,,,,,,,
Guinea,118.0,4.534,0.38,0.829,0.375,0.332,0.207,0.086,44.0,0.296331209626331,,0.00933912,14.8467358416306,,1.11
Georgia,119.0,4.519,0.886,0.666,0.752,0.346,0.043,0.164,100.0,1.25680462935288,,20.9996,28.909669509243,29.7,8.25
Gambia,120.0,4.516,0.308,0.939,0.428,0.382,0.269,0.167,,,,,,,
Kenya,121.0,4.509,0.512,0.983,0.581,0.431,0.372,0.053,75.0,0.126203842625109,,0.722863,10.8959973350461,11.8,2.78
Mauritania,122.0,4.49,0.57,1.167,0.489,0.066,0.106,0.088,44.526912689209,1.72292975735199,,0.300274,27.375123174133,,0.036
Mozambique,123.0,4.466,0.204,0.986,0.39,0.494,0.197,0.138,31.1,0.0876888873438942,,0.237252,9.27978887415166,14.4,2.3
Tunisia,124.0,4.461,0.921,1.0,0.815,0.167,0.059,0.055,,,,,,,
Bangladesh,125.0,4.456,0.562,0.928,0.723,0.527,0.166,0.143,85.1604232788086,0.330056511547617,,6.33367,15.1180991744598,39.1,0.019
Iraq,126.0,4.437,1.043,0.98,0.574,0.241,0.148,0.089,99.9,3.31132648092425,,11.6885,25.0774660713542,22.2,0.39
Congo (Kinshasa),127.0,4.418,0.094,1.125,0.357,0.269,0.212,0.053,,,,,,,
Mali,128.0,4.39,0.385,1.105,0.308,0.327,0.153,0.052,50.9,0.296329493561607,,0.633974,12.8251848101107,12.0,1.28
Sierra Leone,129.0,4.374,0.268,0.841,0.242,0.309,0.252,0.045,26.1,0.325136203380728,,,14.8487076207878,19.8,5.7
Sri Lanka,130.0,4.366,0.949,1.265,0.831,0.47,0.244,0.047,99.5834045410156,3.56427833033462,22.5200004577637,7.21059,,22.9,4.1
Myanmar,131.0,4.36,0.71,1.181,0.555,0.525,0.566,0.172,66.2645721435547,2.09644402635439,32.060001373291,0.224794,12.1610820803712,45.5,5.12
Chad,132.0,4.35,0.35,0.766,0.192,0.174,0.198,0.078,,,,,,,
Ukraine,133.0,4.332,0.82,1.39,0.739,0.178,0.187,0.01,,,,,,,
Ethiopia,134.0,4.286,0.336,1.033,0.532,0.344,0.209,0.1,44.9799575805664,0.26841741210526,,0.0591636,4.02809957786142,4.6,2.36
Swaziland,135.0,4.212,0.811,1.149,0.0,0.313,0.074,0.135,,,,,,,
Uganda,136.0,4.189,0.332,1.069,0.443,0.356,0.252,0.06,,,,,,,
Egypt,137.0,4.166,0.913,1.039,0.644,0.241,0.076,0.067,,,,,,,
Zambia,138.0,4.107,0.578,1.058,0.426,0.431,0.247,0.087,,,,,,,
Togo,139.0,4.085,0.275,0.572,0.41,0.293,0.177,0.085,,,,,,,
India,140.0,4.015,0.755,0.765,0.588,0.498,0.2,0.085,95.2358551025391,0.620665160649092,13.710000038147,1.3433,15.4350806157941,27.0,5.54
Liberia,141.0,3.975,0.073,0.922,0.443,0.37,0.233,0.033,25.9182662963867,0.0969752496073657,,0.191399,29.4315577766817,8.4,6.12
Comoros,142.0,3.973,0.274,0.757,0.505,0.142,0.275,0.078,81.9227523803711,,,0.183943,,19.5,0.69
Madagascar,143.0,3.933,0.274,0.916,0.555,0.148,0.169,0.041,25.9078121185303,0.160337654694142,,0.103612,11.6455111740114,28.9,1.97
Lesotho,144.0,3.802,0.489,1.169,0.168,0.359,0.107,0.093,47.0,0.207733502843872,,0.273345,,29.7,4.59
Burundi,145.0,3.775,0.046,0.447,0.38,0.22,0.176,0.18,11.0242519378662,1.05860745321857,,0.0352113,,12.6,7.19
Zimbabwe,146.0,3.663,0.366,1.114,0.433,0.361,0.151,0.089,,,,,,,
Haiti,147.0,3.597,0.323,0.688,0.449,0.026,0.419,0.11,45.277889251709,0.0100496674665532,,0.279596,23.7051270248713,8.3,2.73
Botswana,148.0,3.488,1.041,1.145,0.538,0.455,0.025,0.1,64.8517227172852,0.857514446736443,,1.77652,,23.7,6.59
Syria,149.0,3.462,0.619,0.378,0.44,0.013,0.331,0.141,,,,,,,
Malawi,150.0,3.41,0.191,0.56,0.495,0.443,0.218,0.089,18.02,0.188483673210854,,0.0626846,5.675032374183,12.8,3.63
Yemen,151.0,3.38,0.287,1.163,0.463,0.143,0.108,0.077,,,,,,,
Rwanda,152.0,3.334,0.359,0.711,0.614,0.555,0.217,0.411,34.7165718078613,0.566502634480037,33.2200012207031,0.060974,8.59893712690333,13.3,8.95
Tanzania,153.0,3.231,0.476,0.885,0.499,0.417,0.276,0.147,,,,,,,
Afghanistan,154.0,3.203,0.35,0.517,0.361,0.0,0.158,0.025,98.7132034301758,2.64077436910265,,0.0470543,10.792339238057,,0.21
Central African Republic,155.0,3.083,0.026,0.0,0.105,0.225,0.235,0.035,32.4203987121582,0.542461363657013,,0.0130294,,,2.38
South Sudan,156.0,2.853,0.306,0.575,0.295,0.01,0.202,0.091,28.2018566131592,4.00307176252653,,0.00234149,,,
